0.16996 0.13405 0.10036 0.089177 0.1041 0.087651 0.087792 0.10272 0.0055304 0.11867
0.052164 0.13147 0.14804 0.14346 0.14783 0.030657 0.13584 0.0082933 0.14956 0.052684
0.10422 0.12265 0.10817 0.089224 0.090067 0.01911 0.13569 0.14458 0.046782 0.1395
0.11482 0.083378 0.15255 0.22124 0.0044455 0.053791 0.070753 0.19074 0.07736 0.030929
0.15275 0.097874 0.14943 0.13537 0.022149 0.026851 0.038203 0.13522 0.061015 0.18114
0.15343 0.017951 0.17542 0.11694 0.17216 0.037731 0.11275 0.012653 0.093208 0.10776
0.034151 0.022809 0.20192 0.05038 0.098888 0.0087092 0.13074 0.17569 0.13236 0.14434
0.15612 0.024684 9.4609e-05 0.1207 0.15301 0.11504 0.075529 0.16923 0.0045691 0.18102
0.18233 0.125 0.15941 0.015377 0.038571 0.051917 0.037939 0.18132 0.15513 0.053019
0.084064 0.080919 0.1001 0.10229 0.090252 0.088014 0.15491 0.14036 0.091354 0.067739
0.14179 0.030419 0.15873 0.10598 0.101 0.11147 0.01316 0.12596 0.13695 0.074535
0.12776 0.10755 0.11465 0.15856 0.0069508 0.10844 0.022968 0.11154 0.075585 0.16599
0.035115 0.033494 0.10881 0.20212 0.13948 0.12158 0.032231 0.0403 0.10121 0.18566
0.056053 0.015418 0.22474 0.2755 0.10164 0.12486 0.046685 0.11179 0.015212 0.028108
0.11502 0.24044 0.064397 0.21736 0.014 0.035028 0.17551 0.037854 0.050057 0.050342
