0.071114 0.072844 0.076518 0.11418 0.082881 0.054964 0.037521 0.00014941 0.024889 0.088137 0.10928 0.084021 0.12108 0.01947 0.042945
0.10639 0.099518 0.025525 0.092284 0.0037922 0.010249 0.075813 0.052187 0.083331 0.071748 0.093994 0.061377 0.10977 0.06614 0.047883
0.068742 0.11012 0.063291 0.042904 0.011322 0.043849 0.11439 0.069829 0.039962 0.15553 0.042199 0.11865 0.031599 0.043137 0.044474
0.16396 0.031762 0.097234 0.099131 0.053305 0.025628 0.01134 0.076875 0.15301 0.034848 0.10232 0.087145 0.023162 0.0074143 0.032866
0.03962 0.048486 0.033094 0.0029588 0.06977 0.036932 0.033487 0.10122 0.035362 0.093219 0.076524 0.1306 0.091509 0.099219 0.108
0.11596 0.0762 0.048037 0.070335 0.10824 0.072787 0.037054 0.053334 0.12661 0.039071 0.089434 0.036167 0.015517 0.040155 0.071106
0.082218 0.12112 0.076142 0.038586 0.050295 0.065043 0.082403 0.096828 0.023279 0.014732 0.10734 0.013054 0.064829 0.054587 0.10954
0.081759 0.023719 0.04023 0.024489 0.12435 0.069369 0.12805 0.071482 0.0436 0.092099 0.040154 0.016636 0.080428 0.10431 0.059324
0.093792 0.11494 0.11076 0.024018 0.096513 0.11761 0.046279 0.0048048 0.012241 0.060477 0.042734 0.0085436 0.1157 0.048263 0.10333
0.079952 0.077341 0.11787 0.050726 0.11619 0.062142 0.093625 0.021097 0.069118 0.055025 0.0143 0.04853 0.058159 0.088326 0.047596
0.020759 0.043849 0.085099 0.010981 0.061919 0.10997 0.0787 0.08411 0.079636 0.07714 0.10952 0.052251 0.045851 0.045997 0.09422
0.017923 0.02673 0.048145 0.083797 0.045522 0.089283 0.00094018 0.066291 0.076526 0.10784 0.090381 0.051216 0.094004 0.095682 0.10572
0.1227 0.052597 0.071734 0.057838 0.012973 0.11762 0.073957 0.018757 0.052287 0.043013 0.058887 0.093772 0.09104 0.086469 0.046351
0.025208 0.071006 0.015875 0.10252 0.09 0.035458 0.056975 0.050251 0.094932 0.09752 0.094177 0.092495 0.076608 0.065155 0.031821
0.0039393 0.014574 0.10951 0.08457 0.094105 0.081698 0.11068 0.073393 0.078254 0.050286 0.06582 0.093281 0.042015 0.0023656 0.095507
